 799993 9200542 2117.996 0.000
 799993 9200542 2017.996 100.000
 799992 9200543 1917.996 200.000
 799990 9200545 1817.996 300.000
 799988 9200546 1717.996 400.000
 799985 9200547 1617.996 500.000
 799973 9200548 1517.996 600.000
 799950 9200550 1417.996 700.000
 799918 9200550 1317.996 800.000
 799880 9200548 1217.996 900.000
 799838 9200543 1117.996 1000.000
 799798 9200540 1017.996 1100.000
 799763 9200537 917.996 1200.000
 799737 9200535 817.996 1300.000
 799715 9200534 717.996 1400.000
 799692 9200530 617.996 1500.000
 799678 9200528 555.996 1562.000
