796689.32 9198308.88 1994.25 2.99
796689.32 9198308.88 1979.25 2.98
796689.32 9198308.88 1956.75 2.96
796689.32 9198308.88 1923.00 2.89
796689.32 9198308.88 1872.38 2.74
796689.32 9198308.88 1796.44 2.49
796689.32 9198308.88 1682.53 2.07
796689.32 9198308.88 1511.67 1.49
796689.32 9198308.88 1255.38 0.78
796689.32 9198308.88 870.95 0.43
796689.32 9198308.88 294.30 0.77
796689.32 9198308.88 -570.68 1.19
796689.32 9198308.88 -1868.14 1.54
796689.32 9198308.88 -3000.00 1.92
796916.63 9198517.36 2056.67 3.03
796916.63 9198517.36 2041.67 3.03
796916.63 9198517.36 2019.17 3.01
796916.63 9198517.36 1985.42 3.00
796916.63 9198517.36 1934.79 2.91
796916.63 9198517.36 1858.85 2.71
796916.63 9198517.36 1744.95 2.34
796916.63 9198517.36 1574.09 1.79
796916.63 9198517.36 1317.80 0.98
796916.63 9198517.36 933.37 0.40
796916.63 9198517.36 356.72 0.70
796916.63 9198517.36 -508.26 1.18
796916.63 9198517.36 -1805.72 1.55
796916.63 9198517.36 -3000.00 1.97
797143.95 9198725.84 2089.66 2.96
797143.95 9198725.84 2074.66 2.96
797143.95 9198725.84 2052.16 2.96
797143.95 9198725.84 2018.41 2.96
797143.95 9198725.84 1967.78 2.92
797143.95 9198725.84 1891.84 2.77
797143.95 9198725.84 1777.94 2.50
797143.95 9198725.84 1607.08 2.03
797143.95 9198725.84 1350.79 1.26
797143.95 9198725.84 966.36 0.48
797143.95 9198725.84 389.71 0.63
797143.95 9198725.84 -475.27 1.15
797143.95 9198725.84 -1772.73 1.58
797143.95 9198725.84 -3000.00 2.02
797371.26 9198934.32 2082.67 2.77
797371.26 9198934.32 2067.67 2.78
797371.26 9198934.32 2045.17 2.80
797371.26 9198934.32 2011.42 2.81
797371.26 9198934.32 1960.79 2.81
797371.26 9198934.32 1884.86 2.72
797371.26 9198934.32 1770.95 2.54
797371.26 9198934.32 1600.09 2.20
797371.26 9198934.32 1343.80 1.58
797371.26 9198934.32 959.37 0.61
797371.26 9198934.32 382.72 0.78
797371.26 9198934.32 -482.26 1.13
797371.26 9198934.32 -1779.72 1.60
797371.26 9198934.32 -3000.00 2.08
797598.58 9199142.80 2081.69 2.46
797598.58 9199142.80 2066.69 2.48
797598.58 9199142.80 2044.19 2.49
797598.58 9199142.80 2010.44 2.51
797598.58 9199142.80 1959.81 2.52
797598.58 9199142.80 1883.88 2.53
797598.58 9199142.80 1769.97 2.46
797598.58 9199142.80 1599.11 2.30
797598.58 9199142.80 1342.82 1.80
797598.58 9199142.80 958.39 0.74
797598.58 9199142.80 381.74 0.87
797598.58 9199142.80 -483.24 1.15
797598.58 9199142.80 -1780.70 1.60
797598.58 9199142.80 -3000.00 2.14
797825.90 9199351.28 2192.25 2.38
797825.90 9199351.28 2177.25 2.38
797825.90 9199351.28 2154.75 2.39
797825.90 9199351.28 2121.00 2.40
797825.90 9199351.28 2070.38 2.39
797825.90 9199351.28 1994.44 2.30
797825.90 9199351.28 1880.54 2.19
797825.90 9199351.28 1709.68 2.10
797825.90 9199351.28 1453.39 1.75
797825.90 9199351.28 1068.95 0.93
797825.90 9199351.28 492.30 0.66
797825.90 9199351.28 -372.67 1.24
797825.90 9199351.28 -1670.14 1.75
797825.90 9199351.28 -3000.00 2.23
798053.21 9199559.76 2205.92 2.26
798053.21 9199559.76 2190.92 2.26
798053.21 9199559.76 2168.42 2.25
798053.21 9199559.76 2134.67 2.23
798053.21 9199559.76 2084.05 2.17
798053.21 9199559.76 2008.11 2.04
798053.21 9199559.76 1894.21 1.92
798053.21 9199559.76 1723.35 1.88
798053.21 9199559.76 1467.06 1.67
798053.21 9199559.76 1082.62 1.05
798053.21 9199559.76 505.97 0.84
798053.21 9199559.76 -359.00 1.35
798053.21 9199559.76 -1656.47 1.84
798053.21 9199559.76 -3000.00 2.31
798280.53 9199768.24 2244.72 2.15
798280.53 9199768.24 2229.72 2.14
798280.53 9199768.24 2207.22 2.10
798280.53 9199768.24 2173.47 2.04
798280.53 9199768.24 2122.84 1.94
798280.53 9199768.24 2046.90 1.78
798280.53 9199768.24 1933.00 1.68
798280.53 9199768.24 1762.14 1.69
798280.53 9199768.24 1505.85 1.60
798280.53 9199768.24 1121.42 1.09
798280.53 9199768.24 544.76 0.92
798280.53 9199768.24 -320.21 1.50
798280.53 9199768.24 -1617.67 1.96
798280.53 9199768.24 -3000.00 2.38
798507.84 9199976.72 2293.76 2.05
798507.84 9199976.72 2278.76 2.04
798507.84 9199976.72 2256.26 2.03
798507.84 9199976.72 2222.51 1.96
798507.84 9199976.72 2171.88 1.77
798507.84 9199976.72 2095.94 1.63
798507.84 9199976.72 1982.04 1.55
798507.84 9199976.72 1811.18 1.57
798507.84 9199976.72 1554.89 1.61
798507.84 9199976.72 1170.46 1.13
798507.84 9199976.72 593.81 1.21
798507.84 9199976.72 -271.17 1.71
798507.84 9199976.72 -1568.63 2.11
798507.84 9199976.72 -3000.00 2.50
798735.16 9200185.20 2304.80 1.92
798735.16 9200185.20 2289.80 1.89
798735.16 9200185.20 2267.30 1.84
798735.16 9200185.20 2233.55 1.77
798735.16 9200185.20 2182.92 1.65
798735.16 9200185.20 2106.99 1.54
798735.16 9200185.20 1993.08 1.46
798735.16 9200185.20 1822.22 1.45
798735.16 9200185.20 1565.93 1.45
798735.16 9200185.20 1181.50 1.16
798735.16 9200185.20 604.85 1.40
798735.16 9200185.20 -260.13 1.88
798735.16 9200185.20 -1557.59 2.25
798735.16 9200185.20 -3000.00 2.58
798962.47 9200393.68 2293.97 1.62
798962.47 9200393.68 2278.97 1.61
798962.47 9200393.68 2256.47 1.59
798962.47 9200393.68 2222.72 1.59
798962.47 9200393.68 2172.09 1.55
798962.47 9200393.68 2096.16 1.49
798962.47 9200393.68 1982.25 1.35
798962.47 9200393.68 1811.39 1.24
798962.47 9200393.68 1555.10 1.27
798962.47 9200393.68 1170.67 1.36
798962.47 9200393.68 594.02 1.71
798962.47 9200393.68 -270.96 2.10
798962.47 9200393.68 -1568.42 2.41
798962.47 9200393.68 -3000.00 2.68
799189.79 9200602.16 2271.31 1.63
799189.79 9200602.16 2256.31 1.64
799189.79 9200602.16 2233.81 1.64
799189.79 9200602.16 2200.06 1.64
799189.79 9200602.16 2149.43 1.58
799189.79 9200602.16 2073.50 1.46
799189.79 9200602.16 1959.59 1.19
799189.79 9200602.16 1788.73 0.95
799189.79 9200602.16 1532.44 1.09
799189.79 9200602.16 1148.01 1.41
799189.79 9200602.16 571.36 1.93
799189.79 9200602.16 -293.62 2.25
799189.79 9200602.16 -1591.08 2.57
799189.79 9200602.16 -3000.00 2.76
799417.10 9200810.64 2176.01 1.62
799417.10 9200810.64 2161.01 1.62
799417.10 9200810.64 2138.51 1.64
799417.10 9200810.64 2104.76 1.64
799417.10 9200810.64 2054.14 1.58
799417.10 9200810.64 1978.20 1.37
799417.10 9200810.64 1864.30 0.94
799417.10 9200810.64 1693.44 0.71
799417.10 9200810.64 1437.15 1.13
799417.10 9200810.64 1052.71 1.48
799417.10 9200810.64 476.06 2.04
799417.10 9200810.64 -388.91 2.40
799417.10 9200810.64 -1686.38 2.64
799417.10 9200810.64 -3000.00 2.84
799644.42 9201019.12 2141.04 1.71
799644.42 9201019.12 2126.04 1.72
799644.42 9201019.12 2103.54 1.73
799644.42 9201019.12 2069.79 1.73
799644.42 9201019.12 2019.16 1.65
799644.42 9201019.12 1943.22 1.40
799644.42 9201019.12 1829.32 0.83
799644.42 9201019.12 1658.46 0.56
799644.42 9201019.12 1402.17 1.07
799644.42 9201019.12 1017.73 1.52
799644.42 9201019.12 441.08 2.10
799644.42 9201019.12 -423.89 2.46
799644.42 9201019.12 -1721.35 2.71
799644.42 9201019.12 -3000.00 2.88
799871.74 9201227.59 2102.85 1.85
799871.74 9201227.59 2087.85 1.85
799871.74 9201227.59 2065.35 1.84
799871.74 9201227.59 2031.60 1.80
799871.74 9201227.59 1980.98 1.61
799871.74 9201227.59 1905.04 1.27
799871.74 9201227.59 1791.14 0.68
799871.74 9201227.59 1620.28 0.61
799871.74 9201227.59 1363.99 1.03
799871.74 9201227.59 979.55 1.52
799871.74 9201227.59 402.90 2.13
799871.74 9201227.59 -462.07 2.51
799871.74 9201227.59 -1759.54 2.75
799871.74 9201227.59 -3000.00 2.92
800099.05 9201436.07 2056.91 1.73
800099.05 9201436.07 2041.91 1.73
800099.05 9201436.07 2019.41 1.70
800099.05 9201436.07 1985.66 1.66
800099.05 9201436.07 1935.03 1.48
800099.05 9201436.07 1859.09 1.09
800099.05 9201436.07 1745.19 0.65
800099.05 9201436.07 1574.33 0.78
800099.05 9201436.07 1318.04 1.24
800099.05 9201436.07 933.60 1.53
800099.05 9201436.07 356.95 2.14
800099.05 9201436.07 -508.02 2.54
800099.05 9201436.07 -1805.48 2.74
800099.05 9201436.07 -3000.00 2.94
800326.37 9201644.55 2033.68 1.59
800326.37 9201644.55 2018.68 1.57
800326.37 9201644.55 1996.18 1.54
800326.37 9201644.55 1962.43 1.44
800326.37 9201644.55 1911.81 1.31
800326.37 9201644.55 1835.87 1.05
800326.37 9201644.55 1721.97 0.82
800326.37 9201644.55 1551.11 0.91
800326.37 9201644.55 1294.82 1.22
800326.37 9201644.55 910.38 1.47
800326.37 9201644.55 333.73 2.10
800326.37 9201644.55 -531.24 2.54
800326.37 9201644.55 -1828.71 2.77
800326.37 9201644.55 -3000.00 2.95
800553.68 9201853.03 1988.81 1.56
800553.68 9201853.03 1973.81 1.55
800553.68 9201853.03 1951.31 1.49
800553.68 9201853.03 1917.56 1.45
800553.68 9201853.03 1866.93 1.42
800553.68 9201853.03 1791.00 1.26
800553.68 9201853.03 1677.09 0.99
800553.68 9201853.03 1506.23 0.92
800553.68 9201853.03 1249.94 1.15
800553.68 9201853.03 865.51 1.35
800553.68 9201853.03 288.86 2.03
800553.68 9201853.03 -576.12 2.50
800553.68 9201853.03 -1873.58 2.77
800553.68 9201853.03 -3000.00 2.95
800781.00 9202061.51 1928.63 1.80
800781.00 9202061.51 1913.63 1.80
800781.00 9202061.51 1891.13 1.81
800781.00 9202061.51 1857.38 1.86
800781.00 9202061.51 1806.75 1.82
800781.00 9202061.51 1730.81 1.56
800781.00 9202061.51 1616.91 1.04
800781.00 9202061.51 1446.05 0.86
800781.00 9202061.51 1189.76 1.02
800781.00 9202061.51 805.33 1.21
800781.00 9202061.51 228.67 1.94
800781.00 9202061.51 -636.30 2.44
800781.00 9202061.51 -1933.76 2.71
800781.00 9202061.51 -3000.00 2.94
801008.31 9202269.99 1876.39 2.15
801008.31 9202269.99 1861.39 2.18
801008.31 9202269.99 1838.89 2.22
801008.31 9202269.99 1805.14 2.30
801008.31 9202269.99 1754.51 2.21
801008.31 9202269.99 1678.57 1.74
801008.31 9202269.99 1564.67 0.97
801008.31 9202269.99 1393.81 0.76
801008.31 9202269.99 1137.52 0.86
801008.31 9202269.99 753.09 1.05
801008.31 9202269.99 176.43 1.81
801008.31 9202269.99 -688.54 2.36
801008.31 9202269.99 -1986.00 2.63
801008.31 9202269.99 -3000.00 2.92
801235.63 9202478.47 1789.95 2.56
801235.63 9202478.47 1774.95 2.56
801235.63 9202478.47 1752.45 2.47
801235.63 9202478.47 1718.70 2.34
801235.63 9202478.47 1668.08 2.03
801235.63 9202478.47 1592.14 1.45
801235.63 9202478.47 1478.23 0.94
801235.63 9202478.47 1307.37 0.77
801235.63 9202478.47 1051.08 0.69
801235.63 9202478.47 666.65 0.97
801235.63 9202478.47 90.00 1.70
801235.63 9202478.47 -774.98 2.29
801235.63 9202478.47 -2072.44 2.49
801235.63 9202478.47 -3000.00 2.91
801462.94 9202686.95 1753.51 2.43
801462.94 9202686.95 1738.51 2.40
801462.94 9202686.95 1716.01 2.30
801462.94 9202686.95 1682.26 2.09
801462.94 9202686.95 1631.64 1.75
801462.94 9202686.95 1555.70 1.33
801462.94 9202686.95 1441.79 0.98
801462.94 9202686.95 1270.93 0.72
801462.94 9202686.95 1014.64 0.67
801462.94 9202686.95 630.21 0.90
801462.94 9202686.95 53.56 1.59
801462.94 9202686.95 -811.42 2.20
801462.94 9202686.95 -2108.88 2.41
801462.94 9202686.95 -3000.00 2.89
801690.26 9202895.43 1731.81 2.11
801690.26 9202895.43 1716.81 2.07
801690.26 9202895.43 1694.31 1.95
801690.26 9202895.43 1660.56 1.76
801690.26 9202895.43 1609.93 1.56
801690.26 9202895.43 1534.00 1.33
801690.26 9202895.43 1420.09 1.02
801690.26 9202895.43 1249.23 0.66
801690.26 9202895.43 992.94 0.59
801690.26 9202895.43 608.51 0.81
801690.26 9202895.43 31.86 1.47
801690.26 9202895.43 -833.12 2.10
801690.26 9202895.43 -2130.58 2.36
801690.26 9202895.43 -3000.00 2.89
801917.58 9203103.91 1686.92 1.74
801917.58 9203103.91 1671.92 1.72
801917.58 9203103.91 1649.42 1.69
801917.58 9203103.91 1615.67 1.65
801917.58 9203103.91 1565.04 1.59
801917.58 9203103.91 1489.10 1.37
801917.58 9203103.91 1375.20 1.02
801917.58 9203103.91 1204.34 0.63
801917.58 9203103.91 948.05 0.52
801917.58 9203103.91 563.62 0.74
801917.58 9203103.91 -13.03 1.38
801917.58 9203103.91 -878.01 1.97
801917.58 9203103.91 -2175.47 2.25
801917.58 9203103.91 -3000.00 2.88
802144.89 9203312.39 1641.79 1.86
802144.89 9203312.39 1626.79 1.85
802144.89 9203312.39 1604.29 1.85
802144.89 9203312.39 1570.54 1.85
802144.89 9203312.39 1519.92 1.81
802144.89 9203312.39 1443.98 1.61
802144.89 9203312.39 1330.07 1.19
802144.89 9203312.39 1159.21 0.68
802144.89 9203312.39 902.93 0.47
802144.89 9203312.39 518.49 0.70
802144.89 9203312.39 -58.16 1.25
802144.89 9203312.39 -923.13 1.86
802144.89 9203312.39 -2220.60 2.21
802144.89 9203312.39 -3000.00 2.88
802372.21 9203520.87 1582.76 2.36
802372.21 9203520.87 1567.76 2.35
802372.21 9203520.87 1545.26 2.35
802372.21 9203520.87 1511.51 2.30
802372.21 9203520.87 1460.89 2.16
802372.21 9203520.87 1384.95 1.99
802372.21 9203520.87 1271.05 1.51
802372.21 9203520.87 1100.19 0.78
802372.21 9203520.87 843.90 0.46
802372.21 9203520.87 459.46 0.56
802372.21 9203520.87 -117.19 1.12
802372.21 9203520.87 -982.16 1.73
802372.21 9203520.87 -2279.63 2.20
802372.21 9203520.87 -3000.00 2.88
802599.52 9203729.35 1538.84 2.83
802599.52 9203729.35 1523.84 2.81
802599.52 9203729.35 1501.34 2.78
802599.52 9203729.35 1467.59 2.67
802599.52 9203729.35 1416.97 2.45
802599.52 9203729.35 1341.03 2.28
802599.52 9203729.35 1227.12 1.83
802599.52 9203729.35 1056.26 0.94
802599.52 9203729.35 799.97 0.48
802599.52 9203729.35 415.54 0.53
802599.52 9203729.35 -161.11 1.00
802599.52 9203729.35 -1026.09 1.63
802599.52 9203729.35 -2323.55 2.15
802599.52 9203729.35 -3000.00 2.72
802826.84 9203937.83 1525.12 3.16
802826.84 9203937.83 1510.12 3.12
802826.84 9203937.83 1487.62 3.03
802826.84 9203937.83 1453.87 2.84
802826.84 9203937.83 1403.24 2.66
802826.84 9203937.83 1327.31 2.52
802826.84 9203937.83 1213.40 2.15
802826.84 9203937.83 1042.54 1.15
802826.84 9203937.83 786.25 0.59
802826.84 9203937.83 401.82 0.54
802826.84 9203937.83 -174.83 0.93
802826.84 9203937.83 -1039.81 1.50
802826.84 9203937.83 -2337.27 2.03
802826.84 9203937.83 -3000.00 2.03
803054.15 9204146.31 1538.51 3.21
803054.15 9204146.31 1523.51 3.18
803054.15 9204146.31 1501.01 3.13
803054.15 9204146.31 1467.26 2.99
803054.15 9204146.31 1416.64 2.75
803054.15 9204146.31 1340.70 2.59
803054.15 9204146.31 1226.80 2.26
803054.15 9204146.31 1055.94 1.38
803054.15 9204146.31 799.65 0.73
803054.15 9204146.31 415.21 0.60
803054.15 9204146.31 -161.44 0.90
803054.15 9204146.31 -1026.41 1.43
803054.15 9204146.31 -2323.88 1.89
803054.15 9204146.31 -3000.00 1.94
803281.47 9204354.79 1542.09 3.21
803281.47 9204354.79 1527.09 3.18
803281.47 9204354.79 1504.59 3.13
803281.47 9204354.79 1470.84 3.02
803281.47 9204354.79 1420.22 2.75
803281.47 9204354.79 1344.28 2.56
803281.47 9204354.79 1230.37 2.26
803281.47 9204354.79 1059.51 1.48
803281.47 9204354.79 803.22 0.80
803281.47 9204354.79 418.79 0.73
803281.47 9204354.79 -157.86 0.94
803281.47 9204354.79 -1022.84 1.38
803281.47 9204354.79 -2320.30 1.69
803281.47 9204354.79 -3000.00 1.83
803508.78 9204563.27 1541.26 3.03
803508.78 9204563.27 1526.26 3.00
803508.78 9204563.27 1503.76 2.93
803508.78 9204563.27 1470.01 2.78
803508.78 9204563.27 1419.39 2.60
803508.78 9204563.27 1343.45 2.43
803508.78 9204563.27 1229.54 2.07
803508.78 9204563.27 1058.68 1.43
803508.78 9204563.27 802.39 0.82
803508.78 9204563.27 417.96 0.88
803508.78 9204563.27 -158.69 1.01
803508.78 9204563.27 -1023.67 1.35
803508.78 9204563.27 -2321.13 1.70
803508.78 9204563.27 -3000.00 1.74
803736.10 9204771.75 1482.17 2.36
803736.10 9204771.75 1467.17 2.34
803736.10 9204771.75 1444.67 2.31
803736.10 9204771.75 1410.92 2.22
803736.10 9204771.75 1360.30 2.08
803736.10 9204771.75 1284.36 1.96
803736.10 9204771.75 1170.45 1.69
803736.10 9204771.75 999.59 1.26
803736.10 9204771.75 743.30 0.85
803736.10 9204771.75 358.87 0.94
803736.10 9204771.75 -217.78 1.08
803736.10 9204771.75 -1082.76 1.37
803736.10 9204771.75 -2380.22 1.70
803736.10 9204771.75 -3000.00 1.70
803963.41 9204980.23 1450.55 1.88
803963.41 9204980.23 1435.55 1.88
803963.41 9204980.23 1413.05 1.86
803963.41 9204980.23 1379.30 1.82
803963.41 9204980.23 1328.68 1.74
803963.41 9204980.23 1252.74 1.66
803963.41 9204980.23 1138.83 1.48
803963.41 9204980.23 967.97 1.17
803963.41 9204980.23 711.68 0.90
803963.41 9204980.23 327.25 0.99
803963.41 9204980.23 -249.40 1.12
803963.41 9204980.23 -1114.38 1.37
803963.41 9204980.23 -2411.84 1.67
803963.41 9204980.23 -3000.00 1.67
